100
2
10 11
3
0 9 9
4
81 67 83 86
3
11 22 30
1
0
1
5
1
999999
1
1000000
2
5 10
3
0 10 11
5
10 20 21 22 23
5
422808 211404 761062 845625 491519
5
67 28 51 43 50
5
98 25 17 45 88
5
45 44 55 49 42
5
51 2 66 74 61
5
99 48 21 40 77
5
53 80 7 55 89
5
44 49 45 13 52
5
6 93 17 1 73
5
80 89 11 74 67
5
62 84 86 8 100
10
30 89 0 42 99 72 96 16 28 47
10
3 100 80 66 36 87 17 12 34 63
10
13 56 14 6 32 75 60 3 40 68
10
73 89 76 3 83 4 61 68 77 69
10
83 8 21 24 11 57 11 85 52 85
10
77 15 14 50 18 0 23 88 60 30
10
96 65 50 57 97 71 7 14 47 73
10
80 42 66 11 94 17 94 72 67 96
10
89 66 98 84 15 6 1 95 24 39
10
69 76 6 50 76 86 47 54 57 94
5
883103 977637 871325 941039 860715
5
836258 910826 939253 980733 851911
5
806707 858868 964034 838058 806765
5
888113 863530 928364 911509 990190
5
872263 898746 985820 951959 890338
5
956060 814688 805747 946893 900118
5
861076 958468 931612 831079 945728
5
862153 825235 931037 988964 844453
5
845542 935988 933548 981571 828898
5
927429 959232 868344 846252 817632
10
905148 908062 853913 848726 854589 833918 956010 880497 888725 955276
10
837587 916935 809615 880884 810224 979315 941824 930454 840175 832754
10
866995 946927 964250 941189 823577 940343 868665 900804 918678 974403
10
844198 920122 929709 824528 995739 859906 842831 947384 962562 978037
10
896766 941751 986027 801665 850502 819365 882753 989237 821511 899923
10
941298 835828 866357 889274 837533 947181 862253 898891 980346 825999
10
846591 947921 808144 983690 867328 929102 801907 930100 876558 820200
10
907123 976474 867348 962945 826405 890378 905698 853643 948173 893735
10
942417 937265 830433 911936 875533 945443 805306 898889 849526 819019
10
995396 975898 906510 999906 925330 974050 914034 857530 872680 873935
10
961604 8 911472 978109 852011 16 835194 96 2 29
10
831355 851540 819692 78 909570 27 82 811289 15 62
10
15 80 845946 823749 893477 864328 80 52 941508 4
10
921474 35 870028 97 59 924168 59 886588 974810 18
10
812757 934174 4 848196 808225 932917 18 78 76 12
10
33 830936 828750 805036 809980 62 22 24 881664 81
10
63 68 884689 970111 970371 984367 933361 43 66 96
10
20 81 932618 928590 10 845168 5 824954 863225 79
10
902024 966078 57 45 868941 865241 16 984372 19 60
10
804387 890358 98 5 97 903342 37 63 924545 848715
10
905690 835381 907257 969137 999092 46 74 82 67 100
10
89 41 838566 993903 935599 819041 32 99 827775 59
10
844865 952823 852320 86 3 58 800745 919509 20 52
10
18 90 906792 894726 962550 82 867119 89 833213 74
10
838872 81 1 890248 827570 83 934500 835161 96 79
10
821108 982498 27 998803 864020 99 73 16 855874 62
10
84 960287 0 32 845651 893040 933829 43 923550 86
10
11 31 927046 80 802069 843559 820608 86 93 892474
10
68 972678 49 57 902844 24 49 869299 902915 931930
10
48 859950 90 992442 2 833895 39 989501 59 937835
8
294100 108139 219870 608415 330555 316405 792725 564208
10
432270 527625 347718 465085 198850 762345 123226 186780 116995 451840
7
820365 104717 49900 883230 477065 529155 115510
7
585850 829750 96295 908650 592375 452610 743160
8
544956 70350 62930 550725 103770 454605 246682 502825
10
665504 610780 897490 640724 794795 781908 564795 378940 584075 287595
9
438965 132105 870050 373885 230265 144200 733400 89260 286640
8
833090 836798 501140 126005 711870 831955 572810 726465
9
799010 765375 398245 567895 580330 968250 471095 689580 73465
10
300055 94100 711585 266370 688925 772225 665283 998780 640765 257780
7
810343 259405 522240 164957 185760 115030 280224
7
314210 948900 4085 825315 49459 205135 700940
10
520689 284701 314742 781040 325175 934220 82950 384225 475035 750929
7
573513 4894 951165 338902 778265 422870 81825
8
55985 131055 474635 780310 691825 695246 724859 430285
10
573959 395132 898805 403745 291077 380589 406480 646350 985250 359930
7
201000 796065 679110 588765 93654 944360 263820
10
936170 546085 814069 793028 517205 478365 860720 470580 599269 812192
10
288035 618465 966880 228270 927165 106382 183665 465675 714177 78875
7
196520 471345 829335 308610 869795 88596 409080
10
444305 718614 895012 390341 979351 513463 968521 875053 682964 899732
9
288524 974865 759341 260091 563987 739729 721761 184325 284431
9
199129 972381 862469 70370 359404 206315 351307 158827 663433
5
383463 240720 967155 55096 140185
10
857619 485916 928045 37216 430163 883496 429052 724178 252027 652579
10
530568 433915 149932 125445 569161 817651 752174 562549 709127 219682
10
875665 998670 543296 404990 133949 833843 955574 456004 992983 533940
5
931152 843993 429831 572785 639159
